
---------------> PROGRAM SIG_BCZ <---------------


  Reading the parameters from file: sig_bcz_input
  Input parameters are:

    XINIT = 2.0000E-08
    AMP0 = 0.050    TAU0 =   2700.00    PHI0 = 0.500
    IPRINT = 4    ERRORS = n

  
  name of input file (l,n,v) -->   
   Reading frequencies from File: /home/joao/Documents/FCUP/TESE/bcz_fit/mesa_bestA.freq                          
       Range in frequencies: 1494.6894 - 2787.6930
       Reference frequency : 2100.0000
       Points read:  36
  
   Smoothing parameter = 0.20D-07

   File RES   [Model,C1,C2,...] (all final values)
   File COF   [C1,C2,...] (each iteration)
   File SIG   [v, v-smooth, l, n, sigma, fit] 
   1 ->      0.20     0.74347221     0.00436918    
   2 ->      0.20     0.08171534     0.00286233    
   3 ->      0.20     0.07749224     0.00216171    
   4 ->      0.20     0.07105231     0.00174954    
   5 ->      0.20     0.06615668     0.00147961    
   6 ->      0.20     0.06276293     0.00128783    
   7 ->      0.20     0.06064748     0.00114341    
   8 ->      0.20     0.05949421     0.00103048    
   9 ->      0.20     0.05907567     0.00093997    
  10 ->      0.20     0.05925630     0.00086618    
  11 ->      0.20     0.05996865     0.00080522    
  12 ->      0.20     0.06119430     0.00075434    
  13 ->      0.20     0.06295463     0.00071148    
  14 ->      0.20     0.06530899     0.00067510    
  15 ->      0.20     0.06836088     0.00064401    
  16 ->      0.20     0.07227175     0.00061730    
  17 ->      0.20     0.07010218     0.00059423    
  18 ->      0.20     0.06498583     0.00057420    
  19 ->      0.20     0.81400854     0.00055675    
  20 ->      0.20     0.00900721     0.00054149    
  21 ->      0.20     0.00851191     0.00052809    
  22 ->      0.20     0.00804682     0.00051630    
  23 ->      0.20     0.00760938     0.00050589    
  24 ->      0.20     0.00719732     0.00049667    
  25 ->      0.20     0.00680869     0.00048849    
  26 ->      0.20     0.00644183     0.00048122    
  27 ->      0.20     0.00609533     0.00047473    
  28 ->      0.20     0.00576777     0.00046893    
  29 ->      0.20     0.00545802     0.00046374    
  30 ->      0.20     0.00516496     0.00045909    
  31 ->      0.20     0.00488771     0.00045491    
  32 ->      0.20     0.00462526     0.00045114    
  33 ->      0.20     0.00437679     0.00044775    
  34 ->      0.20     0.00414155     0.00044468    
  35 ->      0.20     0.00391888     0.00044191    
  36 ->      0.20     0.00370796     0.00043940    
  37 ->      0.20     0.00350831     0.00043712    
  38 ->      0.20     0.00331918     0.00043504    
  39 ->      0.20     0.00314019     0.00043316    
  40 ->      0.20     0.00297066     0.00043144    
  41 ->      0.20     0.00281015     0.00042987    
  42 ->      0.20     0.00265822     0.00042844    
  43 ->      0.20     0.00251434     0.00042713    
  44 ->      0.20     0.00237814     0.00042593    
  45 ->      0.20     0.00224926     0.00042483    
  46 ->      0.20     0.00212721     0.00042382    
  47 ->      0.20     0.00201176     0.00042289    
  48 ->      0.20     0.00190247     0.00042204    
  49 ->      0.20     0.00179900     0.00042125    
  50 ->      0.20     0.00170111     0.00042053    
  51 ->      0.20     0.00160851     0.00041986    
  52 ->      0.20     0.00152086     0.00041924    
  53 ->      0.20     0.00143795     0.00041867    
  54 ->      0.20     0.00135955     0.00041814    
  55 ->      0.20     0.00128534     0.00041765    
  56 ->      0.20     0.00121513     0.00041719    
  57 ->      0.20     0.00114877     0.00041677    
  58 ->      0.20     0.00108596     0.00041638    
  59 ->      0.20     0.00102659     0.00041602    
  60 ->      0.20     0.00097039     0.00041568    
  61 ->      0.20     0.00091731     0.00041536    
  62 ->      0.20     0.00086706     0.00041507    
  63 ->      0.20     0.00081960     0.00041480    
  64 ->      0.20     0.00077469     0.00041454    
  65 ->      0.20     0.00073217     0.00041430    
  66 ->      0.20     0.00069206     0.00041408    
  67 ->      0.20     0.00065408     0.00041387    
  68 ->      0.20     0.00061821     0.00041368    
  69 ->      0.20     0.00058425     0.00041350    
  70 ->      0.20     0.00055217     0.00041333    
  71 ->      0.20     0.00052186     0.00041317    
  72 ->      0.20     0.00049317     0.00041302    
  73 ->      0.20     0.00046614     0.00041288    
  74 ->      0.20     0.00044048     0.00041275    
  75 ->      0.20     0.00041627     0.00041263    
  76 ->      0.20     0.00039341     0.00041251    
  77 ->      0.20     0.00037174     0.00041241    
  78 ->      0.20     0.00035129     0.00041230    
  79 ->      0.20     0.00033199     0.00041221    
  80 ->      0.20     0.00031374     0.00041212    
  81 ->      0.20     0.00029648     0.00041204    
  82 ->      0.20     0.00028015     0.00041196    
  83 ->      0.20     0.00026473     0.00041188    
  84 ->      0.20     0.00025020     0.00041181    
  85 ->      0.20     0.00023643     0.00041175    
  86 ->      0.20     0.00022337     0.00041169    
  87 ->      0.20     0.00021109     0.00041163    
  88 ->      0.20     0.00019946     0.00041157    
  89 ->      0.20     0.00018847     0.00041152    
  90 ->      0.20     0.00017805     0.00041147    
  91 ->      0.20     0.00016827     0.00041143    
  92 ->      0.20     0.00015905     0.00041138    
  93 ->      0.20     0.00015028     0.00041134    
  94 ->      0.20     0.00014198     0.00041131    
  95 ->      0.20     0.00013416     0.00041127    
  96 ->      0.20     0.00012675     0.00041124    
  97 ->      0.20     0.00011977     0.00041120    
  98 ->      0.20     0.00011317     0.00041117    
  99 ->      0.20     0.00010690     0.00041115    
 100 ->      0.20     0.00010105     0.00041112    
 101 ->      0.20     0.00009548     0.00041109    
 102 ->      0.20     0.00009020     0.00041107    
 103 ->      0.20     0.00008523     0.00041105    
 104 ->      0.20     0.00008055     0.00041103    
 105 ->      0.20     0.00007613     0.00041101    
 106 ->      0.20     0.00007189     0.00041099    
 107 ->      0.20     0.00006794     0.00041097    
 108 ->      0.20     0.00006414     0.00041095    
 109 ->      0.20     0.00006065     0.00041094    
 110 ->      0.20     0.00005731     0.00041092    
 111 ->      0.20     0.00005414     0.00041091    
 112 ->      0.20     0.00005115     0.00041089    
 113 ->      0.20     0.00004832     0.00041088    
 114 ->      0.20     0.00004566     0.00041087    
 115 ->      0.20     0.00004318     0.00041086    
 116 ->      0.20     0.00004077     0.00041085    
 117 ->      0.20     0.00003851     0.00041084    
 118 ->      0.20     0.00003644     0.00041083    
 119 ->      0.20     0.00003437     0.00041082    
 120 ->      0.20     0.00003253     0.00041081    
 121 ->      0.20     0.00003072     0.00041080    
 122 ->      0.20     0.00002901     0.00041080    
 123 ->      0.20     0.00002741     0.00041079    
 124 ->      0.20     0.00002590     0.00041078    
 125 ->      0.20     0.00002445     0.00041078    
 126 ->      0.20     0.00002310     0.00041077    
 127 ->      0.20     0.00002187     0.00041076    
 128 ->      0.20     0.00002064     0.00041076    
 129 ->      0.20     0.00001952     0.00041075    
 130 ->      0.20     0.00001843     0.00041075    
 131 ->      0.20     0.00001739     0.00041074    
 132 ->      0.20     0.00001645     0.00041074    
 133 ->      0.20     0.00001557     0.00041074    
 134 ->      0.20     0.00001468     0.00041073    
 135 ->      0.20     0.00001390     0.00041073    
 136 ->      0.20     0.00001313     0.00041073    
 137 ->      0.20     0.00001241     0.00041072    
 138 ->      0.20     0.00001167     0.00041072    
 139 ->      0.20     0.00001107     0.00041072    
 140 ->      0.20     0.00001043     0.00041071    
 141 ->      0.20     0.00000989     0.00041071    
 142 ->      0.20     0.00000933     0.00041071    
 143 ->      0.20     0.00000879     0.00041071    
 144 ->      0.20     0.00000829     0.00041070    
 145 ->      0.20     0.00000787     0.00041070    
 146 ->      0.20     0.00000740     0.00041070    
 147 ->      0.20     0.00000699     0.00041070    
 148 ->      0.20     0.00000664     0.00041070    
 149 ->      0.20     0.00000630     0.00041070    
 150 ->      0.20     0.00000591     0.00041069    
 151 ->      0.20     0.00000562     0.00041069    
 152 ->      0.20     0.00000532     0.00041069    
 153 ->      0.20     0.00000496     0.00041069    
 154 ->      0.20     0.00000473     0.00041069    
 155 ->      0.20     0.00000446     0.00041069    
 156 ->      0.20     0.00000420     0.00041069    
 157 ->      0.20     0.00000399     0.00041069    
 158 ->      0.20     0.00000375     0.00041068    
 159 ->      0.20     0.00000355     0.00041068    
 160 ->      0.20     0.00000339     0.00041068    
 161 ->      0.20     0.00000319     0.00041068    
 162 ->      0.20     0.00000300     0.00041068    
 163 ->      0.20     0.00000280     0.00041068    
 164 ->      0.20     0.00000269     0.00041068    
 165 ->      0.20     0.00000251     0.00041068    
 166 ->      0.20     0.00000239     0.00041068    
 167 ->      0.20     0.00000225     0.00041068    
 168 ->      0.20     0.00000216     0.00041068    
 169 ->      0.20     0.00000200     0.00041068    
 170 ->      0.20     0.00000193     0.00041068    
 171 ->      0.20     0.00000181     0.00041068    
 172 ->      0.20     0.00000168     0.00041068    
 173 ->      0.20     0.00000160     0.00041067    
 174 ->      0.20     0.00000152     0.00041067    
 175 ->      0.20     0.00000141     0.00041067    
 176 ->      0.20     0.00000132     0.00041067    
 177 ->      0.20     0.00000130     0.00041067    
 178 ->      0.20     0.00000121     0.00041067    
 179 ->      0.20     0.00000115     0.00041067    
 180 ->      0.20     0.00000107     0.00041067    
 181 ->      0.20     0.00000103     0.00041067    
 182 ->      0.20     0.00000098     0.00041067    
 183 ->      0.20     0.00000093     0.00041067    
 184 ->      0.20     0.00000082     0.00041067    
 185 ->      0.20     0.00000082     0.00041067    
 186 ->      0.20     0.00000076     0.00041067    
 187 ->      0.20     0.00000072     0.00041067    
 188 ->      0.20     0.00000073     0.00041067    
 189 ->      0.20     0.00000066     0.00041067    
 190 ->      0.20     0.00000063     0.00041067    
 191 ->      0.20     0.00000058     0.00041067    
 192 ->      0.20     0.00000054     0.00041067    
 193 ->      0.20     0.00000053     0.00041067    
 194 ->      0.20     0.00000049     0.00041067    
 195 ->      0.20     0.00000046     0.00041067    
 196 ->      0.20     0.00000041     0.00041067    
 197 ->      0.20     0.00000039     0.00041067    
 198 ->      0.20     0.00000040     0.00041067    
 199 ->      0.20     0.00000034     0.00041067    
 200 ->      0.20     0.00000035     0.00041067    
 201 ->      0.20     0.00000034     0.00041067    
 202 ->      0.20     0.00000031     0.00041067    
 203 ->      0.20     0.00000031     0.00041067    
 204 ->      0.20     0.00000026     0.00041067    
 205 ->      0.20     0.00000028     0.00041067    
 206 ->      0.20     0.00000023     0.00041067    
 207 ->      0.20     0.00000024     0.00041067    
 208 ->      0.20     0.00000021     0.00041067    
 209 ->      0.20     0.00000022     0.00041067    
 210 ->      0.20     0.00000022     0.00041067    
 211 ->      0.20     0.00000018     0.00041067    
 212 ->      0.20     0.00000015     0.00041067    
 213 ->      0.20     0.00000017     0.00041067    
 214 ->      0.20     0.00000018     0.00041067    
 215 ->      0.20     0.00000019     0.00041067    
 216 ->      0.20     0.00000016     0.00041067    
 217 ->      0.20     0.00000013     0.00041067    
 218 ->      0.20     0.00000010     0.00041067    
 219 ->      0.10     0.00334028     0.00024624    
 220 ->      0.10     0.00167470     0.00022856    
 221 ->      0.10     0.00084157     0.00022073    
 222 ->      0.10     0.00042441     0.00021706    
 223 ->      0.10     0.00021344     0.00021528    
 224 ->      0.10     0.00010512     0.00021438    
 225 ->      0.10     0.00004840     0.00021392    
 226 ->      0.10     0.00001800     0.00021367    
 227 ->      0.10     0.00000185     0.00021354    
 228 ->      0.10     0.00000897     0.00021346    
 229 ->      0.10     0.00001399     0.00021341    
 230 ->      0.10     0.00001682     0.00021338    
 231 ->      0.10     0.00001838     0.00021336    
 232 ->      0.10     0.00001918     0.00021335    
 233 ->      0.10     0.00001942     0.00021334    
 234 ->      0.10     0.00001935     0.00021333    
 235 ->      0.10     0.00001914     0.00021332    
 236 ->      0.10     0.00001876     0.00021332    
 237 ->      0.10     0.00001832     0.00021331    
 238 ->      0.10     0.00001783     0.00021331    
 239 ->      0.10     0.00001731     0.00021330    
 240 ->      0.10     0.00001682     0.00021330    
 241 ->      0.10     0.00001628     0.00021330    
 242 ->      0.10     0.00001578     0.00021329    
 243 ->      0.10     0.00001531     0.00021329    
 244 ->      0.10     0.00001479     0.00021329    
 245 ->      0.10     0.00001427     0.00021328    
 246 ->      0.10     0.00001382     0.00021328    
 247 ->      0.10     0.00001336     0.00021328    
 248 ->      0.10     0.00001295     0.00021328    
 249 ->      0.10     0.00001250     0.00021327    
 250 ->      0.10     0.00001208     0.00021327    
 251 ->      0.10     0.00001165     0.00021327    
 252 ->      0.10     0.00001128     0.00021327    
 253 ->      0.10     0.00001098     0.00021326    
 254 ->      0.10     0.00001056     0.00021326    
 255 ->      0.10     0.00001028     0.00021326    
 256 ->      0.10     0.00000990     0.00021326    
 257 ->      0.10     0.00000959     0.00021326    
 258 ->      0.10     0.00000930     0.00021325    
 259 ->      0.10     0.00000895     0.00021325    
 260 ->      0.10     0.00000865     0.00021325    
 261 ->      0.10     0.00000837     0.00021325    
 262 ->      0.10     0.00000808     0.00021325    
 263 ->      0.10     0.00000783     0.00021325    
 264 ->      0.10     0.00000761     0.00021324    
 265 ->      0.10     0.00000734     0.00021324    
 266 ->      0.10     0.00000707     0.00021324    
 267 ->      0.10     0.00000685     0.00021324    
 268 ->      0.10     0.00000666     0.00021324    
 269 ->      0.10     0.00000644     0.00021324    
 270 ->      0.10     0.00000621     0.00021324    
 271 ->      0.10     0.00000597     0.00021324    
 272 ->      0.10     0.00000577     0.00021323    
 273 ->      0.10     0.00000558     0.00021323    
 274 ->      0.10     0.00000540     0.00021323    
 275 ->      0.10     0.00000528     0.00021323    
 276 ->      0.10     0.00000504     0.00021323    
 277 ->      0.10     0.00000488     0.00021323    
 278 ->      0.10     0.00000475     0.00021323    
 279 ->      0.10     0.00000455     0.00021323    
 280 ->      0.10     0.00000447     0.00021323    
 281 ->      0.10     0.00000432     0.00021323    
 282 ->      0.10     0.00000412     0.00021322    
 283 ->      0.10     0.00000399     0.00021322    
 284 ->      0.10     0.00000387     0.00021322    
 285 ->      0.10     0.00000378     0.00021322    
 286 ->      0.10     0.00000361     0.00021322    
 287 ->      0.10     0.00000351     0.00021322    
 288 ->      0.10     0.00000339     0.00021322    
 289 ->      0.10     0.00000327     0.00021322    
 290 ->      0.10     0.00000317     0.00021322    
 291 ->      0.10     0.00000308     0.00021322    
 292 ->      0.10     0.00000298     0.00021322    
 293 ->      0.10     0.00000287     0.00021322    
 294 ->      0.10     0.00000277     0.00021322    
 295 ->      0.10     0.00000268     0.00021322    
 296 ->      0.10     0.00000260     0.00021322    
 297 ->      0.10     0.00000249     0.00021321    
 298 ->      0.10     0.00000242     0.00021321    
 299 ->      0.10     0.00000234     0.00021321    
 300 ->      0.10     0.00000227     0.00021321    
 301 ->      0.10     0.00000222     0.00021321    
 302 ->      0.10     0.00000215     0.00021321    
 303 ->      0.10     0.00000206     0.00021321    
 304 ->      0.10     0.00000201     0.00021321    
 305 ->      0.10     0.00000188     0.00021321    
 306 ->      0.10     0.00000184     0.00021321    
 307 ->      0.10     0.00000178     0.00021321    
 308 ->      0.10     0.00000177     0.00021321    
 309 ->      0.10     0.00000169     0.00021321    
 310 ->      0.10     0.00000165     0.00021321    
 311 ->      0.10     0.00000157     0.00021321    
 312 ->      0.10     0.00000152     0.00021321    
 313 ->      0.10     0.00000147     0.00021321    
 314 ->      0.10     0.00000144     0.00021321    
 315 ->      0.10     0.00000134     0.00021321    
 316 ->      0.10     0.00000135     0.00021321    
 317 ->      0.10     0.00000127     0.00021321    
 318 ->      0.10     0.00000124     0.00021321    
 319 ->      0.10     0.00000118     0.00021321    
 320 ->      0.10     0.00000117     0.00021321    
 321 ->      0.10     0.00000112     0.00021321    
 322 ->      0.10     0.00000109     0.00021321    
 323 ->      0.10     0.00000106     0.00021321    
 324 ->      0.10     0.00000101     0.00021321    
 325 ->      0.10     0.00000097     0.00021321    
 326 ->      0.10     0.00000094     0.00021321    
 327 ->      0.10     0.00000093     0.00021321    
 328 ->      0.10     0.00000089     0.00021321    
 329 ->      0.10     0.00000083     0.00021320    
 330 ->      0.10     0.00000083     0.00021320    
 331 ->      0.10     0.00000076     0.00021320    
 332 ->      0.10     0.00000076     0.00021320    
 333 ->      0.10     0.00000078     0.00021320    
 334 ->      0.10     0.00000073     0.00021320    
 335 ->      0.10     0.00000069     0.00021320    
 336 ->      0.10     0.00000069     0.00021320    
 337 ->      0.10     0.00000066     0.00021320    
 338 ->      0.10     0.00000062     0.00021320    
 339 ->      0.10     0.00000060     0.00021320    
 340 ->      0.10     0.00000061     0.00021320    
 341 ->      0.10     0.00000060     0.00021320    
 342 ->      0.10     0.00000053     0.00021320    
 343 ->      0.10     0.00000058     0.00021320    
 344 ->      0.10     0.00000051     0.00021320    
 345 ->      0.10     0.00000048     0.00021320    
 346 ->      0.10     0.00000048     0.00021320    
 347 ->      0.10     0.00000047     0.00021320    
 348 ->      0.10     0.00000048     0.00021320    
 349 ->      0.10     0.00000043     0.00021320    
 350 ->      0.10     0.00000047     0.00021320    
 351 ->      0.10     0.00000039     0.00021320    
 352 ->      0.10     0.00000040     0.00021320    
 353 ->      0.10     0.00000039     0.00021320    
 354 ->      0.10     0.00000042     0.00021320    
 355 ->      0.10     0.00000033     0.00021320    
 356 ->      0.10     0.00000034     0.00021320    
 357 ->      0.10     0.00000034     0.00021320    
 358 ->      0.10     0.00000032     0.00021320    
 359 ->      0.10     0.00000030     0.00021320    
 360 ->      0.10     0.00000031     0.00021320    
 361 ->      0.10     0.00000031     0.00021320    
 362 ->      0.10     0.00000026     0.00021320    
 363 ->      0.10     0.00000029     0.00021320    
 364 ->      0.10     0.00000026     0.00021320    
 365 ->      0.10     0.00000023     0.00021320    
 366 ->      0.10     0.00000023     0.00021320    
 367 ->      0.10     0.00000028     0.00021320    
 368 ->      0.10     0.00000023     0.00021320    
 369 ->      0.10     0.00000019     0.00021320    
 370 ->      0.10     0.00000022     0.00021320    
 371 ->      0.10     0.00000023     0.00021320    
 372 ->      0.10     0.00000020     0.00021320    
 373 ->      0.10     0.00000018     0.00021320    
 374 ->      0.10     0.00000018     0.00021320    
 375 ->      0.10     0.00000023     0.00021320    
 376 ->      0.10     0.00000018     0.00021320    
 377 ->      0.10     0.00000014     0.00021320    
 378 ->      0.10     0.00000016     0.00021320    
 379 ->      0.10     0.00000017     0.00021320    
 380 ->      0.10     0.00000018     0.00021320    
 381 ->      0.10     0.00000016     0.00021320    
 382 ->      0.10     0.00000014     0.00021320    
 383 ->      0.10     0.00000013     0.00021320    
 384 ->      0.10     0.00000013     0.00021320    
 385 ->      0.10     0.00000016     0.00021320    
 386 ->      0.10     0.00000014     0.00021320    
 387 ->      0.10     0.00000014     0.00021320    
 388 ->      0.10     0.00000011     0.00021320    
 389 ->      0.10     0.00000011     0.00021320    
 390 ->      0.10     0.00000013     0.00021320    
 391 ->      0.10     0.00000014     0.00021320    
 392 ->      0.10     0.00000009     0.00021320    
 393 ->      0.05     0.00227879     0.00014282    
 394 ->      0.05     0.00105529     0.00013348    
 395 ->      0.05     0.00040826     0.00012900    
 396 ->      0.05     0.00006533     0.00012667    
 397 ->      0.05     0.00017017     0.00012537    
 398 ->      0.05     0.00025042     0.00012460    
 399 ->      0.05     0.00029443     0.00012410    
 400 ->      0.05     0.00031804     0.00012376    
 401 ->      0.05     0.00032995     0.00012349    
 402 ->      0.05     0.00033496     0.00012328    
 403 ->      0.05     0.00033575     0.00012309    
 404 ->      0.05     0.00033404     0.00012293    
 405 ->      0.05     0.00033067     0.00012278    
 406 ->      0.05     0.00032639     0.00012263    
 407 ->      0.05     0.00032135     0.00012250    
 408 ->      0.05     0.00031602     0.00012236    
 409 ->      0.05     0.00031047     0.00012224    
 410 ->      0.05     0.00030480     0.00012211    
 411 ->      0.05     0.00029906     0.00012200    
 412 ->      0.05     0.00029331     0.00012188    
 413 ->      0.05     0.00028767     0.00012177    
 414 ->      0.05     0.00028204     0.00012165    
 415 ->      0.05     0.00027650     0.00012155    
 416 ->      0.05     0.00027108     0.00012144    
 417 ->      0.05     0.00026565     0.00012134    
 418 ->      0.05     0.00026041     0.00012123    
 419 ->      0.05     0.00025526     0.00012113    
 420 ->      0.05     0.00025018     0.00012104    
 421 ->      0.05     0.00024517     0.00012094    
 422 ->      0.05     0.00024033     0.00012085    
 423 ->      0.05     0.00023548     0.00012076    
 424 ->      0.05     0.00023083     0.00012067    
 425 ->      0.05     0.00022621     0.00012058    
 426 ->      0.05     0.00022166     0.00012049    
 427 ->      0.05     0.00021728     0.00012041    
 428 ->      0.05     0.00021293     0.00012033    
 429 ->      0.05     0.00020867     0.00012025    
 430 ->      0.05     0.00020452     0.00012017    
 431 ->      0.05     0.00020041     0.00012009    
 432 ->      0.05     0.00019643     0.00012001    
 433 ->      0.05     0.00019254     0.00011994    
 434 ->      0.05     0.00018868     0.00011987    
 435 ->      0.05     0.00018488     0.00011980    
 436 ->      0.05     0.00018124     0.00011973    
 437 ->      0.05     0.00017761     0.00011966    
 438 ->      0.05     0.00017405     0.00011959    
 439 ->      0.05     0.00017059     0.00011952    
 440 ->      0.05     0.00016718     0.00011946    
 441 ->      0.05     0.00016385     0.00011940    
 442 ->      0.05     0.00016056     0.00011934    
 443 ->      0.05     0.00015739     0.00011928    
 444 ->      0.05     0.00015424     0.00011922    
 445 ->      0.05     0.00015112     0.00011916    
 446 ->      0.05     0.00014815     0.00011910    
 447 ->      0.05     0.00014519     0.00011905    
 448 ->      0.05     0.00014225     0.00011899    
 449 ->      0.05     0.00013942     0.00011894    
 450 ->      0.05     0.00013662     0.00011889    
 451 ->      0.05     0.00013391     0.00011883    
 452 ->      0.05     0.00013125     0.00011878    
 453 ->      0.05     0.00012863     0.00011874    
 454 ->      0.05     0.00012605     0.00011869    
 455 ->      0.05     0.00012353     0.00011864    
 456 ->      0.05     0.00012106     0.00011859    
 457 ->      0.05     0.00011863     0.00011855    
 458 ->      0.05     0.00011630     0.00011850    
 459 ->      0.05     0.00011393     0.00011846    
 460 ->      0.05     0.00011165     0.00011842    
 461 ->      0.05     0.00010941     0.00011838    
 462 ->      0.05     0.00010725     0.00011834    
 463 ->      0.05     0.00010506     0.00011830    
 464 ->      0.05     0.00010300     0.00011826    
 465 ->      0.05     0.00010096     0.00011822    
 466 ->      0.05     0.00009891     0.00011818    
 467 ->      0.05     0.00009693     0.00011814    
 468 ->      0.05     0.00009503     0.00011811    
 469 ->      0.05     0.00009311     0.00011807    
 470 ->      0.05     0.00009126     0.00011804    
 471 ->      0.05     0.00008945     0.00011800    
 472 ->      0.05     0.00008765     0.00011797    
 473 ->      0.05     0.00008587     0.00011794    
 474 ->      0.05     0.00008415     0.00011791    
 475 ->      0.05     0.00008248     0.00011787    
 476 ->      0.05     0.00008080     0.00011784    
 477 ->      0.05     0.00007923     0.00011781    
 478 ->      0.05     0.00007767     0.00011778    
 479 ->      0.05     0.00007609     0.00011776    
 480 ->      0.05     0.00007458     0.00011773    
 481 ->      0.05     0.00007306     0.00011770    
 482 ->      0.05     0.00007162     0.00011767    
 483 ->      0.05     0.00007023     0.00011765    
 484 ->      0.05     0.00006878     0.00011762    
 485 ->      0.05     0.00006740     0.00011759    
 486 ->      0.05     0.00006606     0.00011757    
 487 ->      0.05     0.00006475     0.00011755    
 488 ->      0.05     0.00006348     0.00011752    
 489 ->      0.05     0.00006218     0.00011750    
 490 ->      0.05     0.00006094     0.00011747    
 491 ->      0.05     0.00005973     0.00011745    
 492 ->      0.05     0.00005851     0.00011743    
 493 ->      0.05     0.00005732     0.00011741    
 494 ->      0.05     0.00005618     0.00011739    
 495 ->      0.05     0.00005507     0.00011737    
 496 ->      0.05     0.00005401     0.00011735    
 497 ->      0.05     0.00005291     0.00011733    
 498 ->      0.05     0.00005182     0.00011731    
 499 ->      0.05     0.00005083     0.00011729    
 500 ->      0.05     0.00004978     0.00011727    
 501 ->      0.05     0.00004880     0.00011725    
 502 ->      0.05     0.00004783     0.00011723    
 503 ->      0.05     0.00004688     0.00011721    
 504 ->      0.05     0.00004594     0.00011720    
 505 ->      0.05     0.00004503     0.00011718    
 506 ->      0.05     0.00004413     0.00011716    
 507 ->      0.05     0.00004321     0.00011715    
 508 ->      0.05     0.00004238     0.00011713    
 509 ->      0.05     0.00004151     0.00011712    
 510 ->      0.05     0.00004068     0.00011710    
 511 ->      0.05     0.00003984     0.00011709    
 512 ->      0.05     0.00003906     0.00011707    
 513 ->      0.05     0.00003827     0.00011706    
 514 ->      0.05     0.00003752     0.00011704    
 515 ->      0.05     0.00003678     0.00011703    
 516 ->      0.05     0.00003607     0.00011701    
 517 ->      0.05     0.00003530     0.00011700    
 518 ->      0.05     0.00003459     0.00011699    
 519 ->      0.05     0.00003391     0.00011698    
 520 ->      0.05     0.00003321     0.00011696    
 521 ->      0.05     0.00003257     0.00011695    
 522 ->      0.05     0.00003194     0.00011694    
 523 ->      0.05     0.00003130     0.00011693    
 524 ->      0.05     0.00003065     0.00011692    
 525 ->      0.05     0.00003005     0.00011690    
 526 ->      0.05     0.00002946     0.00011689    
 527 ->      0.05     0.00002882     0.00011688    
 528 ->      0.05     0.00002831     0.00011687    
 529 ->      0.05     0.00002776     0.00011686    
 530 ->      0.05     0.00002718     0.00011685    
 531 ->      0.05     0.00002657     0.00011684    
 532 ->      0.05     0.00002606     0.00011683    
 533 ->      0.05     0.00002554     0.00011682    
 534 ->      0.05     0.00002504     0.00011681    
 535 ->      0.05     0.00002455     0.00011680    
 536 ->      0.05     0.00002406     0.00011679    
 537 ->      0.05     0.00002361     0.00011679    
 538 ->      0.05     0.00002312     0.00011678    
 539 ->      0.05     0.00002264     0.00011677    
 540 ->      0.05     0.00002223     0.00011676    
 541 ->      0.05     0.00002176     0.00011675    
 542 ->      0.05     0.00002133     0.00011674    
 543 ->      0.05     0.00002090     0.00011674    
 544 ->      0.05     0.00002048     0.00011673    
 545 ->      0.05     0.00002002     0.00011672    
 546 ->      0.05     0.00001965     0.00011671    
 547 ->      0.05     0.00001926     0.00011671    
 548 ->      0.05     0.00001887     0.00011670    
 549 ->      0.05     0.00001853     0.00011669    
 550 ->      0.05     0.00001815     0.00011669    
 551 ->      0.05     0.00001778     0.00011668    
 552 ->      0.05     0.00001739     0.00011667    
 553 ->      0.05     0.00001709     0.00011667    
 554 ->      0.05     0.00001673     0.00011666    
 555 ->      0.05     0.00001641     0.00011665    
 556 ->      0.05     0.00001606     0.00011665    
 557 ->      0.05     0.00001576     0.00011664    
 558 ->      0.05     0.00001543     0.00011664    
 559 ->      0.05     0.00001507     0.00011663    
 560 ->      0.05     0.00001484     0.00011662    
 561 ->      0.05     0.00001451     0.00011662    
 562 ->      0.05     0.00001422     0.00011661    
 563 ->      0.05     0.00001397     0.00011661    
 564 ->      0.05     0.00001364     0.00011660    
 565 ->      0.05     0.00001337     0.00011660    
 566 ->      0.05     0.00001315     0.00011659    
 567 ->      0.05     0.00001283     0.00011659    
 568 ->      0.05     0.00001257     0.00011658    
 569 ->      0.05     0.00001234     0.00011658    
 570 ->      0.05     0.00001207     0.00011657    
 571 ->      0.05     0.00001183     0.00011657    
 572 ->      0.05     0.00001165     0.00011657    
 573 ->      0.05     0.00001137     0.00011656    
 574 ->      0.05     0.00001115     0.00011656    
 575 ->      0.05     0.00001094     0.00011655    
 576 ->      0.05     0.00001071     0.00011655    
 577 ->      0.05     0.00001049     0.00011655    
 578 ->      0.05     0.00001030     0.00011654    
 579 ->      0.05     0.00001010     0.00011654    
 580 ->      0.05     0.00000988     0.00011653    
 581 ->      0.05     0.00000966     0.00011653    
 582 ->      0.05     0.00000948     0.00011653    
 583 ->      0.05     0.00000935     0.00011652    
 584 ->      0.05     0.00000912     0.00011652    
 585 ->      0.05     0.00000896     0.00011652    
 586 ->      0.05     0.00000880     0.00011651    
 587 ->      0.05     0.00000861     0.00011651    
 588 ->      0.05     0.00000839     0.00011651    
 589 ->      0.05     0.00000829     0.00011650    
 590 ->      0.05     0.00000807     0.00011650    
 591 ->      0.05     0.00000792     0.00011650    
 592 ->      0.05     0.00000772     0.00011649    
 593 ->      0.05     0.00000759     0.00011649    
 594 ->      0.05     0.00000745     0.00011649    
 595 ->      0.05     0.00000731     0.00011649    
 596 ->      0.05     0.00000717     0.00011648    
 597 ->      0.05     0.00000702     0.00011648    
 598 ->      0.05     0.00000687     0.00011648    
 599 ->      0.05     0.00000673     0.00011648    
 600 ->      0.05     0.00000661     0.00011647    
 601 ->      0.05     0.00000644     0.00011647    
 602 ->      0.05     0.00000633     0.00011647    
 603 ->      0.05     0.00000619     0.00011647    
 604 ->      0.05     0.00000611     0.00011646    
 605 ->      0.05     0.00000596     0.00011646    
 606 ->      0.05     0.00000588     0.00011646    
 607 ->      0.05     0.00000573     0.00011646    
 608 ->      0.05     0.00000561     0.00011646    
 609 ->      0.05     0.00000548     0.00011645    
 610 ->      0.05     0.00000537     0.00011645    
 611 ->      0.05     0.00000530     0.00011645    
 612 ->      0.05     0.00000517     0.00011645    
 613 ->      0.05     0.00000507     0.00011645    
 614 ->      0.05     0.00000497     0.00011644    
 615 ->      0.05     0.00000487     0.00011644    
 616 ->      0.05     0.00000476     0.00011644    
 617 ->      0.05     0.00000466     0.00011644    
 618 ->      0.05     0.00000455     0.00011644    
 619 ->      0.05     0.00000450     0.00011643    
 620 ->      0.05     0.00000440     0.00011643    
 621 ->      0.05     0.00000436     0.00011643    
 622 ->      0.05     0.00000423     0.00011643    
 623 ->      0.05     0.00000416     0.00011643    
 624 ->      0.05     0.00000405     0.00011643    
 625 ->      0.05     0.00000400     0.00011643    
 626 ->      0.05     0.00000392     0.00011642    
 627 ->      0.05     0.00000382     0.00011642    
 628 ->      0.05     0.00000372     0.00011642    
 629 ->      0.05     0.00000369     0.00011642    
 630 ->      0.05     0.00000360     0.00011642    
 631 ->      0.05     0.00000352     0.00011642    
 632 ->      0.05     0.00000347     0.00011642    
 633 ->      0.05     0.00000340     0.00011641    
 634 ->      0.05     0.00000336     0.00011641    
 635 ->      0.05     0.00000325     0.00011641    
 636 ->      0.05     0.00000316     0.00011641    
 637 ->      0.05     0.00000311     0.00011641    
 638 ->      0.05     0.00000310     0.00011641    
 639 ->      0.05     0.00000301     0.00011641    
 640 ->      0.05     0.00000292     0.00011641    
 641 ->      0.05     0.00000287     0.00011641    
 642 ->      0.05     0.00000284     0.00011640    
 643 ->      0.05     0.00000277     0.00011640    
 644 ->      0.05     0.00000272     0.00011640    
 645 ->      0.05     0.00000263     0.00011640    
 646 ->      0.05     0.00000258     0.00011640    
 647 ->      0.05     0.00000258     0.00011640    
 648 ->      0.05     0.00000252     0.00011640    
 649 ->      0.05     0.00000246     0.00011640    
 650 ->      0.05     0.00000240     0.00011640    
 651 ->      0.05     0.00000239     0.00011640    
 652 ->      0.05     0.00000232     0.00011639    
 653 ->      0.05     0.00000227     0.00011639    
 654 ->      0.05     0.00000221     0.00011639    
 655 ->      0.05     0.00000216     0.00011639    
 656 ->      0.05     0.00000210     0.00011639    
 657 ->      0.05     0.00000211     0.00011639    
 658 ->      0.05     0.00000202     0.00011639    
 659 ->      0.05     0.00000203     0.00011639    
 660 ->      0.05     0.00000196     0.00011639    
 661 ->      0.05     0.00000194     0.00011639    
 662 ->      0.05     0.00000188     0.00011639    
 663 ->      0.05     0.00000183     0.00011639    
 664 ->      0.05     0.00000184     0.00011639    
 665 ->      0.05     0.00000177     0.00011639    
 666 ->      0.05     0.00000171     0.00011638    
 667 ->      0.05     0.00000171     0.00011638    
 668 ->      0.05     0.00000167     0.00011638    
 669 ->      0.05     0.00000164     0.00011638    
 670 ->      0.05     0.00000159     0.00011638    
 671 ->      0.05     0.00000160     0.00011638    
 672 ->      0.05     0.00000153     0.00011638    
 673 ->      0.05     0.00000152     0.00011638    
 674 ->      0.05     0.00000148     0.00011638    
 675 ->      0.05     0.00000142     0.00011638    
 676 ->      0.05     0.00000146     0.00011638    
 677 ->      0.05     0.00000139     0.00011638    
 678 ->      0.05     0.00000137     0.00011638    
 679 ->      0.05     0.00000134     0.00011638    
 680 ->      0.05     0.00000132     0.00011638    
 681 ->      0.05     0.00000128     0.00011638    
 682 ->      0.05     0.00000125     0.00011638    
 683 ->      0.05     0.00000125     0.00011638    
 684 ->      0.05     0.00000118     0.00011637    
 685 ->      0.05     0.00000118     0.00011637    
 686 ->      0.05     0.00000116     0.00011637    
 687 ->      0.05     0.00000115     0.00011637    
 688 ->      0.05     0.00000108     0.00011637    
 689 ->      0.05     0.00000108     0.00011637    
 690 ->      0.05     0.00000106     0.00011637    
 691 ->      0.05     0.00000102     0.00011637    
 692 ->      0.05     0.00000102     0.00011637    
 693 ->      0.05     0.00000103     0.00011637    
 694 ->      0.05     0.00000101     0.00011637    
 695 ->      0.05     0.00000094     0.00011637    
 696 ->      0.05     0.00000094     0.00011637    
 697 ->      0.05     0.00000093     0.00011637    
 698 ->      0.05     0.00000094     0.00011637    
 699 ->      0.05     0.00000093     0.00011637    
 700 ->      0.05     0.00000091     0.00011637    
 701 ->      0.05     0.00000082     0.00011637    
 702 ->      0.05     0.00000080     0.00011637    
 703 ->      0.05     0.00000081     0.00011637    
 704 ->      0.05     0.00000077     0.00011637    
 705 ->      0.05     0.00000075     0.00011637    
 706 ->      0.05     0.00000077     0.00011637    
 707 ->      0.05     0.00000072     0.00011637    
 708 ->      0.05     0.00000070     0.00011637    
 709 ->      0.05     0.00000077     0.00011637    
 710 ->      0.05     0.00000073     0.00011637    
 711 ->      0.05     0.00000072     0.00011637    
 712 ->      0.05     0.00000070     0.00011637    
 713 ->      0.05     0.00000067     0.00011636    
 714 ->      0.05     0.00000066     0.00011636    
 715 ->      0.05     0.00000065     0.00011636    
 716 ->      0.05     0.00000066     0.00011636    
 717 ->      0.05     0.00000062     0.00011636    
 718 ->      0.05     0.00000061     0.00011636    
 719 ->      0.05     0.00000059     0.00011636    
 720 ->      0.05     0.00000056     0.00011636    
 721 ->      0.05     0.00000056     0.00011636    
 722 ->      0.05     0.00000055     0.00011636    
 723 ->      0.05     0.00000053     0.00011636    
 724 ->      0.05     0.00000056     0.00011636    
 725 ->      0.05     0.00000051     0.00011636    
 726 ->      0.05     0.00000050     0.00011636    
 727 ->      0.05     0.00000054     0.00011636    
 728 ->      0.05     0.00000051     0.00011636    
 729 ->      0.05     0.00000048     0.00011636    
 730 ->      0.05     0.00000048     0.00011636    
 731 ->      0.05     0.00000048     0.00011636    
 732 ->      0.05     0.00000047     0.00011636    
 733 ->      0.05     0.00000045     0.00011636    
 734 ->      0.05     0.00000046     0.00011636    
 735 ->      0.05     0.00000041     0.00011636    
 736 ->      0.05     0.00000041     0.00011636    
 737 ->      0.05     0.00000044     0.00011636    
 738 ->      0.05     0.00000038     0.00011636    
 739 ->      0.05     0.00000040     0.00011636    
 740 ->      0.05     0.00000036     0.00011636    
 741 ->      0.05     0.00000041     0.00011636    
 742 ->      0.05     0.00000036     0.00011636    
 743 ->      0.05     0.00000039     0.00011636    
 744 ->      0.05     0.00000038     0.00011636    
 745 ->      0.05     0.00000035     0.00011636    
 746 ->      0.05     0.00000036     0.00011636    
 747 ->      0.05     0.00000032     0.00011636    
 748 ->      0.05     0.00000036     0.00011636    
 749 ->      0.05     0.00000031     0.00011636    
 750 ->      0.05     0.00000035     0.00011636    
 751 ->      0.05     0.00000033     0.00011636    
 752 ->      0.05     0.00000030     0.00011636    
 753 ->      0.05     0.00000031     0.00011636    
 754 ->      0.05     0.00000028     0.00011636    
 755 ->      0.05     0.00000028     0.00011636    
 756 ->      0.05     0.00000027     0.00011636    
 757 ->      0.05     0.00000026     0.00011636    
 758 ->      0.05     0.00000025     0.00011636    
 759 ->      0.05     0.00000028     0.00011636    
 760 ->      0.05     0.00000025     0.00011636    
 761 ->      0.05     0.00000026     0.00011636    
 762 ->      0.05     0.00000028     0.00011636    
 763 ->      0.05     0.00000025     0.00011636    
 764 ->      0.05     0.00000024     0.00011636    
 765 ->      0.05     0.00000024     0.00011636    
 766 ->      0.05     0.00000021     0.00011636    
 767 ->      0.05     0.00000022     0.00011636    
 768 ->      0.05     0.00000021     0.00011636    
 769 ->      0.05     0.00000024     0.00011636    
 770 ->      0.05     0.00000023     0.00011636    
 771 ->      0.05     0.00000018     0.00011636    
 772 ->      0.05     0.00000020     0.00011636    
 773 ->      0.05     0.00000021     0.00011636    
 774 ->      0.05     0.00000018     0.00011636    
 775 ->      0.05     0.00000016     0.00011636    
 776 ->      0.05     0.00000021     0.00011636    
 777 ->      0.05     0.00000020     0.00011636    
 778 ->      0.05     0.00000017     0.00011636    
 779 ->      0.05     0.00000019     0.00011636    
 780 ->      0.05     0.00000017     0.00011636    
 781 ->      0.05     0.00000020     0.00011636    
 782 ->      0.05     0.00000018     0.00011636    
 783 ->      0.05     0.00000017     0.00011636    
 784 ->      0.05     0.00000017     0.00011636    
 785 ->      0.05     0.00000014     0.00011636    
 786 ->      0.05     0.00000015     0.00011636    
 787 ->      0.05     0.00000016     0.00011636    
 788 ->      0.05     0.00000013     0.00011636    
 789 ->      0.05     0.00000016     0.00011636    
 790 ->      0.05     0.00000015     0.00011636    
 791 ->      0.05     0.00000015     0.00011636    
 792 ->      0.05     0.00000015     0.00011636    
 793 ->      0.05     0.00000012     0.00011635    
 794 ->      0.05     0.00000014     0.00011635    
 795 ->      0.05     0.00000011     0.00011635    
 796 ->      0.05     0.00000015     0.00011635    
 797 ->      0.05     0.00000013     0.00011635    
 798 ->      0.05     0.00000015     0.00011635    
 799 ->      0.05     0.00000013     0.00011635    
 800 ->      0.05     0.00000013     0.00011635    
 801 ->      0.05     0.00000014     0.00011635    
 802 ->      0.05     0.00000009     0.00011635    
  
   Number of iterations done:          802
   Frequencies from file: /home/joao/Documents/FCUP/TESE/bcz_fit/mesa_bestA.freq                          
   Results:

      Tau_d = 3010.0928      Phi_d =  2.59281

      A_d = 0.04714551

      chi2 =           0.266     chi2norm =           0.008

 ---------------> PROGRAM SIG_BCZ <---------------
